00000000010000110000100000100000
00000000010000110000100000100010
00000000010000110000100000100100
00000000010000110000100000100101
00000000010000110000100000101010
00000000011000100000100000101010
10001100010000010000000000001010
10101100010000010000000000001011
00100000010000010000000000001011
00110000010000010000000000001011
00110100010000010000000000001011
00001100000000000000000000011000
00010000001000100000000000001010
00010000010000100000000000001101
00000000000000000000000000000000
00000000000000000000000000000000
00000000000000000000000000000000
00000000000000000000000000000000
00000000000000000000000000000000
00000000000000000000000000000000
00000000000000000000000000000000
00000000000000000000000000000000
00000000000000000000000000000000
00000000000000000000000000000000
00000000000000100000100010000000
00000000000111110000100010000010
00000011111000000000000000001000
00001000000000000000000000000000