00000000010000110000100000100000
00000000001000110010000000100000
00000000001001000010100000100000
00000000101001000011000000100000
00100000000000010000000000000001
00000000001000100010000000100000
00000000001000110010100000100000
00000000001001000011000000100000
00100000000000010000000000000010
00000000010000010010000000100000
00000000011000010010100000100000
00000000100000010011000000100000
00100000000000010000000000000011
00100000001001000000000000000101
00100000001001010000000000000011
10001100010000010000000000001000
10001100010001000000000000001001
00000000001001000010100000100000
00000000101001000011000000100000
00001100000000000000000000011010
00010000001000100000000000001010
00010000010000100000000000000101
00000000000000000000000000000000
00000000000000000000000000000000
00000000000000000000000000000000
00000000000000000000000000000000
00000011111000000000000000001000
00001000000000000000000000000000