00110000001000010000000000000000
00110000010000100000000000000000
00110000011000110000000000000000
00100000011000110000000000000011
00100000001000010000000000000001
00000000010000010001000000100000
00010100001000111111111111111101
00000000000000010000111111000000
00100100001000010000000000000001
00100000001000101111111111111110
00000000001000100010000000101010
00000000001000100010000000101011
00000000101000100000100000100000
00000000101000010001000000100010
00000000101000110000100000100110
00000000101000110001000000100111
00000000000000100000100011000011
00000000110000100000100000000100
00000011101000100000100000000110
00000000110000100000100000000111
00111000011000010000000000000111
00111100000000011111111111111111
00101000001000100000000000000001
00101100001000100000000000000001